-59,-52
-59,-51
-59,-44
-59,-43
-58,-53
-58,-51
-58,-44
-58,-42
-57,-53
-57,-42
-56,-56
-56,-55
-56,-53
-56,-42
-56,-40
-56,-39
-55,-56
-55,-55
-55,-53
-55,-51
-55,-48
-55,-47
-55,-44
-55,-42
-55,-40
-55,-39
-54,-53
-54,-51
-54,-49
-54,-46
-54,-44
-54,-42
-53,-53
-53,-51
-53,-49
-53,-46
-53,-44
-53,-42
-52,-56
-52,-55
-52,-53
-52,-51
-52,-48
-52,-47
-52,-44
-52,-42
-52,-40
-52,-39
-51,-56
-51,-55
-51,-53
-51,-42
-51,-40
-51,-39
-50,-53
-50,-42
-49,-53
-49,-51
-49,-44
-49,-42
-48,-52
-48,-51
-48,-44
-48,-43



45,-54
45,-53
45,-52
45,-51
45,-50
45,-49
45,-47
45,-46
46,-54
46,-53
46,-52
46,-51
46,-50
46,-49
46,-47
46,-46
47,-47
47,-46
48,-54
48,-53
48,-47
48,-46
49,-54
49,-53
49,-47
49,-46
50,-54
50,-53
50,-47
50,-46
51,-54
51,-53
52,-54
52,-53
52,-51
52,-50
52,-49
52,-48
52,-47
52,-46
53,-54
53,-53
53,-51
53,-50
53,-49
53,-48
53,-47
53,-46

41,45
41,46
41,53
41,54
42,44
42,47
42,52
42,55
43,44
43,46
43,53
43,55
44,42
44,43
44,46
44,47
44,48
44,51
44,52
44,53
44,56
44,57
45,41
45,48
45,51
45,58
46,41
46,43
46,44
46,55
46,56
46,58
47,42
47,44
47,55
47,57
48,44
48,45
48,49
48,50
48,54
48,55
49,48
49,50
50,48
50,49
51,44
51,45
51,54
51,55
52,42
52,44
52,55
52,57
53,41
53,43
53,44
53,55
53,56
53,58
54,41
54,48
54,51
54,58
55,42
55,43
55,46
55,47
55,48
55,51
55,52
55,53
55,56
55,57
56,44
56,46
56,53
56,55
57,44
57,47
57,52
57,55
58,45
58,46
58,53
58,54

-62,46
-61,44
-61,46
-60,45
-60,46
-59,55
-58,53
-58,55
-57,52
-57,54
-56,51
-56,54
-56,66
-56,67
-55,52
-55,54
-55,66
-55,67
-54,47
-54,48
-54,53
-54,55
-53,46
-53,48
-53,55
-52,46
-51,45
-51,46
