-32,13
-32,14
-31,9
-31,10
-31,14
-30,-2
-30,-1
-30,0
-30,8
-30,15
-29,1
-29,2
-29,3
-29,9
-29,13
-29,14
-29,15
-29,16
-29,17
-28,1
-28,2
-28,3
-28,10
-28,14
-27,2
-27,14
-27,17
-26,15
-26,16
-26,24
-26,25
-25,24
-25,25
-20,-9
-20,-8
-20,-7
-19,-9
-19,-8
-19,-7
-19,12
-18,11
-18,13
-18,32
-18,33
-17,-9
-17,-7
-17,-6
-17,11
-17,14
-17,32
-17,33
-16,-9
-16,-5
-16,12
-16,13
-15,-7
-15,-6
-15,-5
-14,8
-14,9
-13,8
-13,9
-10,1
-9,-24
-9,0
-9,2
-9,28
-8,-28
-8,-27
-8,-26
-8,-25
-8,-23
-8,-22
-8,-16
-8,-15
-8,-14
-8,0
-8,2
-8,24
-8,25
-8,26
-8,27
-8,29
-8,30
-7,-29
-7,-28
-7,-26
-7,-25
-7,-24
-7,-22
-7,-21
-7,-16
-7,-15
-7,-14
-7,1
-7,23
-7,24
-7,26
-7,27
-7,28
-7,30
-7,31
-6,-28
-6,-26
-6,-25
-6,-24
-6,-22
-6,-14
-6,-13
-6,24
-6,26
-6,27
-6,28
-6,30
-5,-27
-5,-23
-5,-22
-5,-21
-5,-20
-5,-15
-5,-14
-5,25
-5,29
-5,30
-5,31
-5,32
-4,-24
-4,-23
-4,-21
-4,-20
-4,-19
-4,28
-4,29
-4,31
-4,32
-4,33
-3,-23
-3,-22
-3,-21
-3,-20
-3,-19
-3,-9
-3,-8
-3,29
-3,30
-3,31
-3,32
-3,33
-2,-22
-2,-9
-2,-8
-2,30
2,14
3,13
3,14
3,15
4,-3
4,-2
4,-1
4,13
4,16
5,-7
5,-2
5,-1
5,13
5,14
5,15
6,-9
6,-8
6,-7
6,-6
6,13
6,14
6,15
7,-17
7,-10
7,-9
7,-7
7,-6
7,12
7,14
7,15
7,17
8,-20
8,-19
8,-14
8,-11
8,-9
8,13
8,16
8,17
8,18
9,-25
9,-24
9,-18
9,-17
9,-13
9,13
9,14
9,15
9,16
9,18
9,19
10,-25
10,-24
10,-16
10,-14
10,-13
10,-9
10,-8
10,-7
10,-4
10,-3
10,14
10,16
10,17
10,18
11,-8
11,-7
11,-4
11,-3
11,16
11,17
11,18
12,17
12,18
15,0
16,-4
16,-3
16,-2
16,-1
16,1
16,2
16,7
16,11
16,12
16,14
16,15
16,16
17,-17
17,-16
17,-5
17,-4
17,-2
17,-1
17,0
17,2
17,3
17,7
17,8
17,12
17,13
17,14
17,15
17,16
18,-17
18,-16
18,-4
18,-2
18,-1
18,0
18,2
18,7
18,8
18,9
18,13
18,14
18,15
19,-3
19,1
19,2
19,3
19,4
19,9
19,10
20,0
20,1
20,3
20,4
20,5
21,1
21,2
21,3
21,4
21,5
22,2
25,-9
25,-8
26,-9
26,-8
